SIMULATION,113.6097854,22.3796395,10.0,1.0,0.1,5.0,1.00,1.00
SIMULATION,113.6097880,22.3796482,20.0,2.0,0.3,5.0,1.00,1.00
SIMULATION,113.6097921,22.3796564,30.0,2.9,0.8,5.0,1.00,1.00
SIMULATION,113.6097976,22.3796637,40.0,3.7,1.3,5.0,1.00,1.00
SIMULATION,113.6098045,22.3796701,50.0,4.4,2.0,5.0,1.00,1.00
SIMULATION,113.6098125,22.3796752,60.0,5.0,2.9,5.0,1.00,1.00
SIMULATION,113.6098213,22.3796790,70.0,5.4,3.8,5.0,1.00,1.00
SIMULATION,113.6098306,22.3796815,78.7,5.7,4.7,5.0,1.00,0.87
SIMULATION,113.6098402,22.3796828,83.9,5.8,5.7,5.0,1.00,0.52
SIMULATION,113.6098499,22.3796835,87.1,5.9,6.7,5.0,1.00,0.32
SIMULATION,113.6098596,22.3796838,89.0,5.9,7.7,5.0,1.00,0.19
SIMULATION,113.6098693,22.3796839,90.1,5.9,8.7,5.0,1.00,0.11
SIMULATION,113.6098791,22.3796838,90.8,5.9,9.7,5.0,1.00,0.07
SIMULATION,113.6098888,22.3796837,91.2,5.9,10.7,5.0,1.00,0.04
SIMULATION,113.6098985,22.3796835,91.5,5.9,11.7,5.0,1.00,0.03
SIMULATION,113.6099082,22.3796832,91.6,5.9,12.7,5.0,1.00,0.02
SIMULATION,113.6099179,22.3796830,91.7,5.8,13.7,5.0,1.00,0.01
SIMULATION,113.6099276,22.3796827,91.8,5.8,14.7,5.0,1.00,0.01
SIMULATION,113.6099373,22.3796824,91.8,5.8,15.7,5.0,1.00,0.00
SIMULATION,113.6099470,22.3796821,91.8,5.7,16.7,5.0,1.00,0.00
SIMULATION,113.6099567,22.3796818,91.8,5.7,17.7,5.0,1.00,0.00
SIMULATION,113.6099664,22.3796816,91.8,5.7,18.7,5.0,1.00,0.00
SIMULATION,113.6099762,22.3796813,91.8,5.6,19.7,5.0,1.00,0.00
SIMULATION,113.6099859,22.3796810,91.8,5.6,20.7,5.0,1.00,0.00
SIMULATION,113.6099956,22.3796807,91.8,5.6,21.7,5.0,1.00,0.00
SIMULATION,113.6100053,22.3796804,91.8,5.5,22.7,5.0,1.00,0.00
SIMULATION,113.6100150,22.3796801,91.8,5.5,23.7,5.0,1.00,0.00
SIMULATION,113.6100247,22.3796798,91.8,5.5,24.7,5.0,1.00,0.00
SIMULATION,113.6100344,22.3796795,91.8,5.4,25.7,5.0,1.00,0.00
SIMULATION,113.6100441,22.3796792,91.8,5.4,26.7,5.0,1.00,0.00
SIMULATION,113.6100538,22.3796790,91.8,5.4,27.7,5.0,1.00,0.00
SIMULATION,113.6100635,22.3796787,91.8,5.4,28.7,5.0,1.00,-0.00
SIMULATION,113.6100733,22.3796784,91.8,5.3,29.7,5.0,1.00,-0.00
SIMULATION,113.6100830,22.3796781,91.8,5.3,30.7,5.0,1.00,-0.00
SIMULATION,113.6100927,22.3796778,91.8,5.3,31.7,5.0,1.00,-0.00
SIMULATION,113.6101024,22.3796775,91.8,5.2,32.7,5.0,1.00,-0.00
SIMULATION,113.6101121,22.3796773,90.7,5.2,33.7,5.0,1.00,-0.12
USV_BALL,113.6101121,22.3796773,90.7,5.2,33.7,5.0,1.00,-0.12
SIMULATION,113.6101218,22.3796773,89.9,5.2,34.7,5.0,1.00,-0.07
SIMULATION,113.6101315,22.3796773,89.4,5.2,35.7,5.0,1.00,-0.05
SIMULATION,113.6101412,22.3796774,89.1,5.2,36.7,5.0,1.00,-0.03
SIMULATION,113.6101510,22.3796776,88.9,5.2,37.7,5.0,1.00,-0.02
SIMULATION,113.6101607,22.3796777,88.8,5.2,38.7,5.0,1.00,-0.01
SIMULATION,113.6101704,22.3796779,88.7,5.3,39.7,5.0,1.00,-0.01
SIMULATION,113.6101801,22.3796782,88.6,5.3,40.7,5.0,1.00,-0.01
SIMULATION,113.6101898,22.3796784,88.6,5.3,41.7,5.0,1.00,-0.00
SIMULATION,113.6101993,22.3796786,88.5,5.3,42.7,4.9,0.98,-0.00
SIMULATION,113.6102078,22.3796788,88.5,5.4,43.6,4.4,0.88,-0.00
SIMULATION,113.6102155,22.3796790,88.5,5.4,44.4,4.0,0.79,-0.00
SIMULATION,113.6102224,22.3796791,88.5,5.4,45.1,3.6,0.71,-0.00
SIMULATION,113.6102286,22.3796793,88.5,5.4,45.7,3.2,0.64,0.00
SIMULATION,113.6102342,22.3796794,88.5,5.4,46.3,2.9,0.58,-0.00
SIMULATION,113.6102393,22.3796796,88.5,5.5,46.8,2.6,0.52,0.00
SIMULATION,113.6102438,22.3796797,88.5,5.5,47.3,2.3,0.47,0.00
SIMULATION,113.6102479,22.3796798,88.5,5.5,47.7,2.1,0.42,-0.00
SIMULATION,113.6102516,22.3796799,88.5,5.5,48.1,1.9,0.38,-0.00
SIMULATION,113.6102549,22.3796799,88.5,5.5,48.4,1.7,0.34,0.00
SIMULATION,113.6102579,22.3796800,88.5,5.5,48.7,1.5,0.31,0.00
SIMULATION,113.6102605,22.3796801,88.6,5.5,49.0,1.4,0.28,0.00
SIMULATION,113.6102630,22.3796801,88.5,5.5,49.2,1.2,0.25,-0.00
SIMULATION,113.6102727,22.3796803,89.9,5.5,50.2,5.0,1.00,0.14
SIMULATION,113.6102824,22.3796802,90.8,5.5,51.2,5.0,1.00,0.08
SIMULATION,113.6102921,22.3796800,91.3,5.5,52.2,5.0,1.00,0.05
SIMULATION,113.6103018,22.3796798,91.6,5.5,53.2,5.0,1.00,0.03
SIMULATION,113.6103115,22.3796795,91.8,5.4,54.2,5.0,1.00,0.02
SIMULATION,113.6103212,22.3796793,91.9,5.4,55.2,5.0,1.00,0.01
SIMULATION,113.6103309,22.3796790,92.0,5.4,56.2,5.0,1.00,0.01
SIMULATION,113.6103406,22.3796786,92.0,5.3,57.2,5.0,1.00,0.00
SIMULATION,113.6103504,22.3796783,92.0,5.3,58.2,5.0,1.00,0.00
SIMULATION,113.6103601,22.3796780,92.0,5.3,59.2,5.0,1.00,0.00
SIMULATION,113.6103698,22.3796777,92.1,5.2,60.2,5.0,1.00,0.00
SIMULATION,113.6103795,22.3796774,92.1,5.2,61.2,5.0,1.00,0.00
SIMULATION,113.6103892,22.3796770,92.1,5.2,62.2,5.0,1.00,0.00
SIMULATION,113.6103989,22.3796767,92.1,5.1,63.2,5.0,1.00,0.00
SIMULATION,113.6104086,22.3796764,92.1,5.1,64.2,5.0,1.00,0.00
SIMULATION,113.6104183,22.3796761,92.1,5.1,65.2,5.0,1.00,0.00
SIMULATION,113.6104280,22.3796758,92.1,5.0,66.2,5.0,1.00,-0.00
SIMULATION,113.6104377,22.3796754,92.1,5.0,67.2,5.0,1.00,0.00
SIMULATION,113.6104474,22.3796751,92.1,5.0,68.2,5.0,1.00,0.00
SIMULATION,113.6104572,22.3796748,92.1,4.9,69.2,5.0,1.00,0.00
SIMULATION,113.6104669,22.3796745,92.1,4.9,70.2,5.0,1.00,-0.00
SIMULATION,113.6104766,22.3796741,92.1,4.8,71.2,5.0,1.00,-0.00
SIMULATION,113.6104863,22.3796738,92.1,4.8,72.2,5.0,1.00,0.00
SIMULATION,113.6104960,22.3796735,92.1,4.8,73.2,5.0,1.00,0.00
SIMULATION,113.6105057,22.3796732,92.1,4.7,74.2,5.0,1.00,-0.00
SIMULATION,113.6105154,22.3796728,92.1,4.7,75.2,5.0,1.00,-0.00
SIMULATION,113.6105251,22.3796725,92.1,4.7,76.2,5.0,1.00,0.00
SIMULATION,113.6105348,22.3796722,92.1,4.6,77.2,5.0,1.00,0.00
SIMULATION,113.6105445,22.3796719,92.1,4.6,78.2,5.0,1.00,-0.00
SIMULATION,113.6105542,22.3796716,92.1,4.6,79.2,5.0,1.00,-0.00
SIMULATION,113.6105639,22.3796712,92.1,4.5,80.2,5.0,1.00,0.00
SIMULATION,113.6105737,22.3796709,92.1,4.5,81.2,5.0,1.00,0.00
SIMULATION,113.6105834,22.3796706,92.1,4.5,82.2,5.0,1.00,0.00
SIMULATION,113.6105931,22.3796703,92.1,4.4,83.2,5.0,1.00,-0.00
SIMULATION,113.6106026,22.3796702,88.5,4.4,84.2,4.9,0.98,-0.35
USV_BALL,113.6106026,22.3796702,88.5,4.4,84.2,4.9,0.98,-0.35
SIMULATION,113.6106111,22.3796706,86.1,4.5,85.1,4.4,0.88,-0.24
SIMULATION,113.6106188,22.3796712,84.4,4.5,85.9,4.0,0.79,-0.17
SIMULATION,113.6106257,22.3796719,83.2,4.6,86.6,3.6,0.71,-0.12
SIMULATION,113.6106319,22.3796726,82.4,4.7,87.2,3.2,0.64,-0.08
SIMULATION,113.6106375,22.3796733,81.9,4.8,87.8,2.9,0.58,-0.06
SIMULATION,113.6106425,22.3796740,81.5,4.8,88.3,2.6,0.52,-0.04
SIMULATION,113.6106470,22.3796746,81.2,4.9,88.8,2.3,0.47,-0.03
SIMULATION,113.6106511,22.3796752,81.1,5.0,89.2,2.1,0.42,-0.01
SIMULATION,113.6106547,22.3796757,80.9,5.0,89.6,1.9,0.38,-0.01
SIMULATION,113.6106580,22.3796762,80.9,5.1,89.9,1.7,0.34,-0.01
SIMULATION,113.6106609,22.3796766,80.9,5.1,90.2,1.5,0.31,-0.00
SIMULATION,113.6106636,22.3796770,80.8,5.2,90.5,1.4,0.28,-0.01
SIMULATION,113.6106730,22.3796792,70.8,5.4,91.4,5.0,1.00,-1.00
SIMULATION,113.6106819,22.3796828,61.9,5.8,92.4,5.0,1.00,-0.89
SIMULATION,113.6106902,22.3796875,56.1,6.3,93.2,5.0,1.00,-0.58
SIMULATION,113.6106981,22.3796927,52.2,6.9,94.0,5.0,1.00,-0.39
SIMULATION,113.6107057,22.3796984,49.7,7.5,94.8,5.0,1.00,-0.26
SIMULATION,113.6107130,22.3797043,47.9,8.2,95.6,5.0,1.00,-0.17
SIMULATION,113.6107201,22.3797104,46.8,8.9,96.3,5.0,1.00,-0.11
SIMULATION,113.6107267,22.3797162,46.0,9.5,97.0,4.7,0.94,-0.08
SIMULATION,113.6107326,22.3797216,45.4,10.1,97.6,4.2,0.85,-0.05
SIMULATION,113.6107379,22.3797264,45.1,10.7,98.1,3.8,0.76,-0.04
SIMULATION,113.6107426,22.3797308,44.8,11.1,98.6,3.4,0.69,-0.03
SIMULATION,113.6107469,22.3797347,44.6,11.6,99.0,3.1,0.62,-0.02
SIMULATION,113.6107506,22.3797383,44.5,12.0,99.4,2.8,0.56,-0.01
SIMULATION,113.6107541,22.3797415,44.4,12.3,99.8,2.5,0.50,-0.01
SIMULATION,113.6107571,22.3797444,44.4,12.7,100.1,2.3,0.45,-0.01
SIMULATION,113.6107599,22.3797470,44.3,13.0,100.4,2.0,0.41,-0.01
SIMULATION,113.6107624,22.3797493,44.3,13.2,100.6,1.8,0.37,-0.00
SIMULATION,113.6107646,22.3797515,44.3,13.5,100.9,1.6,0.33,0.00
SIMULATION,113.6107666,22.3797534,44.3,13.7,101.1,1.5,0.30,0.00
SIMULATION,113.6107740,22.3797592,54.3,14.3,101.8,5.0,1.00,1.00
SIMULATION,113.6107823,22.3797638,64.3,14.8,102.7,5.0,1.00,1.00
SIMULATION,113.6107914,22.3797670,74.3,15.2,103.6,5.0,1.00,1.00
SIMULATION,113.6108010,22.3797686,84.3,15.4,104.6,5.0,1.00,1.00
SIMULATION,113.6108107,22.3797688,94.3,15.4,105.6,5.0,1.00,1.00
SIMULATION,113.6108203,22.3797673,104.3,15.2,106.6,5.0,1.00,1.00
SIMULATION,113.6108294,22.3797643,114.3,14.9,107.5,5.0,1.00,1.00
SIMULATION,113.6108379,22.3797599,124.3,14.4,108.4,5.0,1.00,1.00
SIMULATION,113.6108453,22.3797543,134.3,13.8,109.2,5.0,0.99,1.00
SIMULATION,113.6108511,22.3797482,142.7,13.1,109.8,4.5,0.90,0.84
SIMULATION,113.6108556,22.3797422,148.5,12.4,110.2,4.1,0.82,0.58
SIMULATION,113.6108591,22.3797364,152.5,11.8,110.6,3.7,0.74,0.40
SIMULATION,113.6108620,22.3797311,155.3,11.2,110.9,3.3,0.66,0.28
SIMULATION,113.6108643,22.3797262,157.2,10.6,111.1,3.0,0.60,0.19
SIMULATION,113.6108663,22.3797217,158.5,10.1,111.3,2.7,0.54,0.13
SIMULATION,113.6108680,22.3797176,159.4,9.7,111.5,2.4,0.48,0.09
SIMULATION,113.6108694,22.3797140,160.0,9.3,111.7,2.2,0.44,0.06
SIMULATION,113.6108707,22.3797106,160.4,8.9,111.8,2.0,0.39,0.04
SIMULATION,113.6108719,22.3797077,160.7,8.6,111.9,1.8,0.35,0.03
SIMULATION,113.6108729,22.3797050,160.9,8.3,112.0,1.6,0.32,0.02
SIMULATION,113.6108738,22.3797025,161.0,8.0,112.1,1.4,0.29,0.01
SIMULATION,113.6108746,22.3797004,161.1,7.8,112.2,1.3,0.26,0.01
SIMULATION,113.6108785,22.3796921,151.1,6.9,112.6,5.0,1.00,-1.00
SIMULATION,113.6108839,22.3796847,141.1,6.0,113.2,5.0,1.00,-1.00
SIMULATION,113.6108907,22.3796782,131.1,5.3,113.9,5.0,1.00,-1.00
